x<-c(1:78,2)
